1 -1 2050 741 46 127 0.5524329 -1 -1 -1
1 -1 2790 774 59 151 0.62253106 -1 -1 -1
1 -1 2938 792 74 124 0.26010522 -1 -1 -1
1 -1 3014 811 65 98 0.32956696 -1 -1 -1
1 -1 2376 906 47 153 0.59806466 -1 -1 -1
1 -1 1531 1054 110 134 0.27390066 -1 -1 -1
1 -1 1659 1042 86 112 0.1506147 -1 -1 -1
1 -1 1627 1096 54 128 0.29732716 -1 -1 -1
1 -1 1920 1122 61 128 0.58232474 -1 -1 -1
2 -1 2035 822 49 135 0.571275 -1 -1 -1
2 -1 2791 872 52 132 0.55631423 -1 -1 -1
2 -1 2939 877 86 143 0.2706736 -1 -1 -1
2 -1 2916 821 161 235 0.50331444 -1 -1 -1
2 -1 3012 900 63 100 0.18280241 -1 -1 -1
2 -1 2370 978 50 149 0.5808667 -1 -1 -1
2 -1 1532 1141 122 139 0.33659056 -1 -1 -1
2 -1 1615 1127 65 150 0.3054465 -1 -1 -1
2 -1 1905 1178 71 118 0.3813942 -1 -1 -1
2 -1 1926 1202 64 129 0.5412082 -1 -1 -1
2 -1 1519 1130 165 165 0.17827891 -1 -1 -1
3 -1 2040 900 52 137 0.62485725 -1 -1 -1
3 -1 2934 929 73 134 0.2976115 -1 -1 -1
3 -1 3020 958 56 87 0.25367647 -1 -1 -1
3 -1 2375 1053 44 154 0.5706543 -1 -1 -1
3 -1 2774 964 53 134 0.48835525 -1 -1 -1
3 -1 3025 993 62 99 0.22516021 -1 -1 -1
3 -1 1545 1222 104 144 0.29081038 -1 -1 -1
3 -1 1609 1200 59 178 0.4987712 -1 -1 -1
3 -1 1908 1269 75 156 0.67076874 -1 -1 -1
4 -1 2040 985 55 120 0.5408335 -1 -1 -1
4 -1 2799 1009 46 131 0.6134045 -1 -1 -1
4 -1 2920 1020 79 124 0.22087955 -1 -1 -1
4 -1 2871 984 185 212 0.23783132 -1 -1 -1
4 -1 3013 1047 58 91 0.28077376 -1 -1 -1
4 -1 2352 1152 58 142 0.634201 -1 -1 -1
4 -1 2939 1094 70 113 0.16291207 -1 -1 -1
4 -1 1523 1296 91 102 0.18525377 -1 -1 -1
4 -1 1667 1280 77 103 0.2055285 -1 -1 -1
4 -1 1550 1319 98 135 0.20554683 -1 -1 -1
4 -1 1619 1316 51 148 0.4527287 -1 -1 -1
4 -1 1931 1359 57 135 0.6319005 -1 -1 -1
4 -1 2401 113 108 68 0.2430775 -1 -1 -1
4 -1 1527 236 60 48 0.15099944 -1 -1 -1
